Slice Mean
1 0.1212537
2 0.1083610
3 0.0984449
4 0.0992182
5 0.0968873
6 0.0954088
7 0.0982769
8 0.0970423
9 0.0952400
10 0.0926258
11 0.0923398
12 0.0958308
13 0.1013487
14 0.1053798
15 0.1045182
16 0.1008954
17 0.0920761
18 0.0851579
19 0.0832908
20 0.0786249
21 0.0810606
22 0.0862125
23 0.0926964
24 0.0880285
25 0.0968863
26 0.0928959
27 0.0927819
28 0.0923274
29 0.0894877
30 0.0889850
31 0.0839165
32 0.0754573
33 0.0751027
34 0.0757785
35 0.0726015
36 0.0698643
37 0.0702066
38 0.0691315
39 0.0701784
40 0.0711230
41 0.0675398
42 0.0665306
43 0.0654676
44 0.0639941
45 0.0614004
46 0.0577735
47 0.0548637
48 0.0542546
49 0.0525773
50 0.0502865
51 0.0479562
52 0.0479211
53 0.0471170
54 0.0466796
55 0.0480313
56 0.0475451
57 0.0469086
58 0.0455820
59 0.0495180
60 0.0605546
61 0.0611253
62 0.0658487
63 0.0816807
64 0.0707408
65 0.0677677
66 0.0624375
67 0.0632931
68 0.0774354
69 0.0773395
70 0.0777568
71 0.0663831
72 0.0650415
73 0.0811304
74 0.0784161
75 0.0649535
76 0.0642626
77 0.0693829
78 0.0743290
79 0.0794261
80 0.0783903
81 0.0745881
82 0.0712412
83 0.0765354
84 0.0755104
85 0.0695727
86 0.0692161
87 0.0700367
88 0.0730422
89 0.0704374
90 0.0636033
91 0.0588118
92 0.0590541
93 0.0574203
94 0.0576897
95 0.0587288
96 0.0631993
97 0.0632445
98 0.0613450
99 0.0574111
100 0.0560899
101 0.0532868
102 0.0527165
103 0.0500302
104 0.0516414
105 0.0491460
106 0.0458801
107 0.0443178
108 0.0432895
109 0.0424304
110 0.0415747
111 0.0404705
112 0.0393245
113 0.0412447
114 0.0407234
115 0.0404674
116 0.0414417
117 0.0404036
118 0.0407658
119 0.0404253
120 0.0407916
121 0.0421604
122 0.0459912
123 0.0468146
124 0.0625496
125 0.0707636
126 0.0698474
127 0.0681249
128 0.0666422
129 0.0644383
130 0.0614671
131 0.0637734
132 0.0604237
133 0.0606995
134 0.0627103
135 0.0747242
136 0.0665390
137 0.0635745
138 0.0604427
139 0.0568122
140 0.0567555
141 0.0549993
142 0.0542647
143 0.0522213
144 0.0514788
145 0.0505229
146 0.0483720
147 0.0461788
148 0.0448991
149 0.0435191
150 0.0427311
151 0.0419315
152 0.0423617
153 0.0430349
154 0.0427165
155 0.0420822
156 0.0409369
157 0.0405493
158 0.0401458
159 0.0399209
160 0.0407806
161 0.0405394
162 0.0421211
163 0.0424105
164 0.0438154
165 0.0446855
166 0.0427046
167 0.0433960
168 0.0489853
169 0.0507526
170 0.0574111
171 0.0558804
172 0.0656403
173 0.0845949
174 0.0916906
175 0.1039379
176 0.1063561
177 0.0987024
178 0.0937379
179 0.0851642
180 0.0794113
181 0.0785731
182 0.0718068
183 0.0647345
184 0.0615498
185 0.0617250
186 0.0660567
187 0.0752460
188 0.0797607
189 0.0708384
190 0.0660576
191 0.0727078
192 0.0768594
193 0.0845949
194 0.0730346
195 0.0660914
196 0.0634548
197 0.0587723
198 0.0561176
199 0.0534612
200 0.0547303
201 0.0536385
202 0.0541811
203 0.0556282
204 0.0563357
205 0.0551318
206 0.0526990
207 0.0506419
208 0.0490235
209 0.0457554
210 0.0429551
211 0.0405596
212 0.0392133
213 0.0403412
214 0.0394407
215 0.0386031
216 0.0381763
217 0.0383708
218 0.0397019
219 0.0393180
220 0.0390696
221 0.0390138
222 0.0377443
223 0.0390439
224 0.0384369
225 0.0379303
226 0.0369778
227 0.0378057
228 0.0380178
229 0.0371209
230 0.0384449
231 0.0358749
232 0.0375545
233 0.0364055
234 0.0378558
235 0.0366426
236 0.0362283
237 0.0346433
238 0.0382240
239 0.0422939
240 0.0416631
241 0.0419758
242 0.0438495
243 0.0429017
244 0.0408365
245 0.0391854
246 0.0376261
247 0.0378213
248 0.0400882
249 0.0441258
250 0.0424050
251 0.0396787
252 0.0386841
253 0.0383060
254 0.0378719
255 0.0374595
256 0.0376152
257 0.0370154
258 0.0388977
259 0.0399327
260 0.0392879
261 0.0378978
262 0.0378111
263 0.0377434
264 0.0368272
265 0.0404083
266 0.0466916
267 0.0837908
268 0.0839585
269 0.0757806
270 0.0668880
271 0.0622921
272 0.0645992
273 0.0577186
274 0.0510069
275 0.0486479
276 0.0470498
277 0.0465979
278 0.0503125
279 0.0537196
280 0.0553511
281 0.0537570
282 0.0556614
283 0.0621000
284 0.0731369
285 0.0662284
286 0.0566882
287 0.0529088
288 0.0525290
289 0.0548520
290 0.0604887
291 0.0681517
292 0.0676006
293 0.0646839
294 0.0721830
295 0.0852445
296 0.0851325
297 0.0946040
298 0.0853687
299 0.0893601
300 0.0782542
301 0.0821825
302 0.0920689
303 0.0751703
304 0.0694064
305 0.0640271
306 0.0664693
307 0.0603704
308 0.0569904
309 0.0543871
310 0.0513615
311 0.0502674
312 0.0513164
313 0.0489151
314 0.0485060
315 0.0493915
316 0.0459435
317 0.0426373
318 0.0405700
319 0.0403549
320 0.0391969
321 0.0397756
322 0.0392764
323 0.0389201
324 0.0384823
325 0.0388856
326 0.0376470
327 0.0371857
328 0.0371524
329 0.0362563
330 0.0351709
331 0.0350374
332 0.0371867
333 0.0357637
334 0.0390120
335 0.0731408
336 0.0858788
337 0.0775329
338 0.0689044
339 0.0655746
340 0.0653127
341 0.0729302
342 0.0771414
343 0.0715472
344 0.0784904
345 0.0725818
346 0.0690963
347 0.0789087
348 0.0794735
349 0.0781966
350 0.0749085
351 0.0716547
352 0.0667061
353 0.0724276
354 0.0663356
355 0.0623176
356 0.0775554
357 0.0902729
358 0.0812239
359 0.0767209
360 0.0677154
361 0.0622124
362 0.0645135
363 0.0626426
364 0.0517474
365 0.0497323
366 0.0496581
367 0.0493411
368 0.0498805
369 0.0579515
370 0.0578269
371 0.0518545
372 0.0479493
373 0.0446206
374 0.0423016
375 0.0402046
376 0.0390621
377 0.0374747
378 0.0370233
379 0.0363287
380 0.0359696
381 0.0357686
382 0.0354703
383 0.0343036
384 0.0348881
385 0.0341439
386 0.0339027
387 0.0344077
388 0.0337827
389 0.0337159
390 0.0405379
391 0.0392181
392 0.0373096
393 0.0355054
394 0.0333601
395 0.0334503
396 0.0326754
397 0.0329206
398 0.0337473
399 0.0346323
400 0.0344870
401 0.0386432
402 0.0368868
403 0.0350972
404 0.0370611
405 0.0355139
406 0.0453820
407 0.0533260
408 0.0538819
409 0.0553979
410 0.0527933
411 0.0485364
412 0.0582644
413 0.0575492
414 0.0588587
415 0.0580358
416 0.0528334
417 0.0568405
418 0.0625446
419 0.0618957
420 0.0636195
421 0.0649988
422 0.0621734
423 0.0596835
424 0.0549183
425 0.0529323
426 0.0674626
427 0.0784844
428 0.0672747
429 0.0580601
430 0.0537007
431 0.0520022
432 0.0518257
433 0.0495767
434 0.0484450
435 0.0486386
436 0.0462881
437 0.0440725
438 0.0445482
439 0.0420333
440 0.0420231
441 0.0396515
442 0.0377316
443 0.0359638
444 0.0354866
445 0.0346292
446 0.0347985
447 0.0351389
448 0.0339559
449 0.0343181
450 0.0357467
451 0.0355316
452 0.0367094
453 0.0368772
454 0.0374453
455 0.0386684
456 0.0372203
457 0.0337841
458 0.0386729
459 0.0396883
460 0.0376934
461 0.0394033
462 0.0383976
463 0.0367667
464 0.0377497
465 0.0391521
466 0.0386836
467 0.0383136
468 0.0344891
469 0.0379959
470 0.0381518
471 0.0319465
472 0.0371945
473 0.0428882
474 0.0444706
475 0.0431569
476 0.0409564
477 0.0376324
478 0.0415136
479 0.0431467
480 0.0420324
481 0.0346763
482 0.0353898
483 0.0366017
484 0.0347102
485 0.0343510
486 0.0353022
487 0.0338280
488 0.0372463
489 0.0454263
490 0.0498600
491 0.0482093
492 0.0451290
493 0.0408814
494 0.0400876
495 0.0376260
496 0.0369266
497 0.0356181
498 0.0358228
499 0.0355343
500 0.0354260
501 0.0344739
502 0.0346393
503 0.0343150
504 0.0349264
505 0.0348782
506 0.0344501
507 0.0360609
508 0.0374976
509 0.0527646
510 0.0424817
511 0.0382359
512 0.0345313
513 0.0372972
514 0.0355800
515 0.0348980
516 0.0343901
517 0.0351676
518 0.0368753
519 0.0350517
520 0.0330668
521 0.0333130
522 0.0340311
523 0.0396462
524 0.0384881
525 0.0436430
526 0.0471191
527 0.0455405
528 0.0485778
529 0.0479072
530 0.0433088
531 0.0366167
532 0.0400458
533 0.0375411
534 0.0369828
535 0.0366277
536 0.0396750
537 0.0473665
538 0.0505562
539 0.0492323
540 0.0433918
541 0.0388483
542 0.0346623
543 0.0363480
544 0.0357892
545 0.0370911
546 0.0388048
547 0.0386079
548 0.0394131
549 0.0395550
550 0.0382396
551 0.0373080
552 0.0376137
553 0.0376673
554 0.0372941
555 0.0367999
556 0.0367625
557 0.0359920
558 0.0346317
559 0.0335989
560 0.0348327
561 0.0349464
562 0.0427139
563 0.0380493
564 0.0353772
565 0.0344765
566 0.0343703
567 0.0339199
568 0.0333869
569 0.0326474
570 0.0330256
571 0.0336960
572 0.0378703
573 0.0492275
574 0.0512541
575 0.0496795
576 0.0512241
577 0.0473914
578 0.0448849
579 0.0482476
580 0.0655598
581 0.0566758
582 0.0560310
583 0.0559523
584 0.0530157
585 0.0471463
586 0.0472917
587 0.0496239
588 0.0492558
589 0.0468556
590 0.0498041
591 0.0543306
592 0.0624575
593 0.0737539
594 0.0689361
595 0.0649744
596 0.0592559
597 0.0626710
598 0.0628981
599 0.0714981
600 0.0633128
601 0.0620885
602 0.0661935
603 0.0720774
604 0.0694153
605 0.0644418
606 0.0670418
607 0.0723175
608 0.0795811
609 0.0712952
610 0.0658841
611 0.0618270
612 0.0702439
613 0.0617087
614 0.0545937
615 0.0474910
616 0.0471176
617 0.0494558
618 0.0488323
619 0.0476402
620 0.0488903
621 0.0487362
622 0.0486541
623 0.0471112
624 0.0437757
625 0.0444336
626 0.0431426
627 0.0433684
628 0.0418355
629 0.0398198
630 0.0385127
631 0.0394644
632 0.0406413
633 0.0464826
634 0.0479760
635 0.0439287
636 0.0429472
637 0.0420292
638 0.0411464
639 0.0409742
640 0.0406016
641 0.0401508
642 0.0390922
643 0.0379756
644 0.0384720
645 0.0379605
646 0.0392124
647 0.0394772
648 0.0393404
649 0.0374949
650 0.0361761
651 0.0356663
652 0.0350066
653 0.0350520
654 0.0341528
655 0.0342274
656 0.0310636
657 0.0322944
658 0.0318022
659 0.0331787
660 0.0320902
661 0.0312585
662 0.0317357
663 0.0348376
664 0.0386793
665 0.0375709
666 0.0306747
667 0.0315373
668 0.0314037
669 0.0312942
670 0.0316733
671 0.0316462
672 0.0340470
673 0.0344352
674 0.0333505
675 0.0320496
676 0.0311654
677 0.0316232
678 0.0316233
679 0.0319651
680 0.0317564
681 0.0384266
682 0.0359610
683 0.0330720
684 0.0339247
685 0.0335839
686 0.0329308
687 0.0352811
688 0.0357918
689 0.0344077
690 0.0332166
691 0.0326983
692 0.0320571
693 0.0318484
694 0.0319404
695 0.0322931
696 0.0313875
697 0.0312831
698 0.0307858
699 0.0303690
700 0.0300641
701 0.0320226
702 0.0317065
703 0.0308523
704 0.0315899
705 0.0321557
706 0.0314514
707 0.0309828
708 0.0320232
709 0.0320445
710 0.0323605
711 0.0335314
712 0.0325309
713 0.0335234
714 0.0350136
715 0.0346315
716 0.0343602
717 0.0350351
718 0.0342426
719 0.0355371
720 0.0351318
721 0.0346083
722 0.0340539
723 0.0340951
724 0.0347762
725 0.0356206
726 0.0348506
727 0.0358270
728 0.0351088
729 0.0325422
730 0.0336975
731 0.0325480
732 0.0323666
733 0.0306634
734 0.0279285
735 0.0329511
736 0.0369826
737 0.0358607
738 0.0412575
739 0.0575441
740 0.0568948
741 0.0566631
742 0.0572947
743 0.0637923
744 0.0660390
745 0.0702210
746 0.0739039
747 0.0770651
748 0.0948697
749 0.0948595
750 0.0838984
751 0.0778796
752 0.0682282
753 0.0679795
754 0.0682870
755 0.0628424
756 0.0635994
757 0.0609678
758 0.0596789
759 0.0570055
760 0.0593740
761 0.0577490
762 0.0607839
763 0.0577524
764 0.0591570
765 0.0554410
766 0.0575398
767 0.0577204
768 0.0760045
769 0.0698784
770 0.0706676
771 0.0691266
772 0.0718225
773 0.0856339
774 0.0775936
775 0.0702896
776 0.0766330
777 0.0587327
778 0.0523469
779 0.0556313
780 0.0591891
781 0.0577327
782 0.0610224
783 0.0604168
784 0.0604550
785 0.0529659
786 0.0549699
787 0.0592891
788 0.0548370
789 0.0500445
790 0.0562509
791 0.0542085
792 0.0506050
793 0.0498859
794 0.0495049
795 0.0483319
796 0.0462311
797 0.0432454
798 0.0418109
799 0.0422045
800 0.0420251
801 0.0416130
802 0.0415728
803 0.0409103
804 0.0395662
805 0.0372963
806 0.0364373
807 0.0363936
808 0.0357085
809 0.0348166
810 0.0347145
811 0.0354097
812 0.0329807
813 0.0301671
814 0.0316983
815 0.0329372
816 0.0323173
817 0.0322038
818 0.0319143
819 0.0291761
820 0.0327312
821 0.0309128
822 0.0329891
823 0.0324370
824 0.0320664
825 0.0331229
826 0.0323275
827 0.0321961
828 0.0306715
829 0.0292741
830 0.0286683
831 0.0281383
832 0.0291251
833 0.0288714
834 0.0292921
835 0.0315217
836 0.0335449
837 0.0330234
838 0.0344619
839 0.0345789
840 0.0345720
841 0.0345921
842 0.0341492
843 0.0335939
844 0.0314874
845 0.0315870
846 0.0308971
847 0.0305989
848 0.0315033
849 0.0282068
850 0.0274541
851 0.0277403
852 0.0277265
853 0.0277981
854 0.0284106
855 0.0278823
856 0.0271558
857 0.0274620
858 0.0256791
859 0.0256940
860 0.0282212
861 0.0285519
862 0.0296283
863 0.0299875
864 0.0302214
865 0.0313923
866 0.0334055
867 0.0318858
868 0.0309518
869 0.0300988
870 0.0295344
871 0.0298378
872 0.0306643
873 0.0313087
874 0.0323441
875 0.0314638
876 0.0308938
877 0.0304873
878 0.0291646
879 0.0284708
880 0.0301429
881 0.0342350
882 0.0331723
883 0.0342262
884 0.0336377
885 0.0339638
886 0.0340322
887 0.0323678
888 0.0305155
889 0.0300375
890 0.0295153
891 0.0300169
892 0.0301954
893 0.0383083
894 0.0387310
895 0.0484978
896 0.0464647
897 0.0456100
898 0.0451881
899 0.0451676
900 0.0512166
