Slice Mean
1 0.137171
2 0.142714
3 0.143917
4 0.144707
5 0.145544
6 0.146324
7 0.147427
8 0.146303
9 0.145267
10 0.146258
11 0.147414
12 0.147717
13 0.148813
14 0.151723
15 0.149222
16 0.147957
17 0.146951
18 0.145113
19 0.145908
20 0.143822
21 0.144932
22 0.146109
23 0.145863
24 0.146572
25 0.144977
26 0.146421
27 0.144712
28 0.144468
29 0.146284
30 0.146169
31 0.142577
32 0.141920
33 0.139402
34 0.140213
35 0.138880
36 0.136766
37 0.135375
38 0.134439
39 0.133855
40 0.131634
41 0.129822
42 0.127018
43 0.124009
44 0.123020
45 0.121778
46 0.120595
47 0.119002
48 0.117666
49 0.117827
50 0.116492
51 0.115478
52 0.114476
53 0.113623
54 0.113632
55 0.113702
56 0.112636
57 0.111888
58 0.111261
59 0.114245
60 0.116831
61 0.118075
62 0.121075
63 0.122857
64 0.121718
65 0.123453
66 0.123791
67 0.123785
68 0.126414
69 0.130074
70 0.127183
71 0.127099
72 0.128336
73 0.126754
74 0.129304
75 0.127133
76 0.127412
77 0.128850
78 0.130589
79 0.132242
80 0.130913
81 0.128927
82 0.131513
83 0.127700
84 0.127497
85 0.127997
86 0.127618
87 0.130697
88 0.128793
89 0.127764
90 0.125493
91 0.124759
92 0.124522
93 0.123044
94 0.121580
95 0.120633
96 0.120071
97 0.118831
98 0.117291
99 0.114511
100 0.113259
101 0.111859
102 0.110577
103 0.109981
104 0.108890
105 0.107761
106 0.106327
107 0.104802
108 0.103995
109 0.102941
110 0.102433
111 0.101780
112 0.102000
113 0.102027
114 0.101768
115 0.102438
116 0.102806
117 0.102163
118 0.102168
119 0.101621
120 0.101879
121 0.103181
122 0.105375
123 0.107941
124 0.110827
125 0.113672
126 0.113440
127 0.114014
128 0.116242
129 0.115278
130 0.115992
131 0.115733
132 0.116331
133 0.116999
134 0.117305
135 0.117556
136 0.116496
137 0.115476
138 0.114554
139 0.113110
140 0.112698
141 0.111863
142 0.111087
143 0.109077
144 0.107814
145 0.106870
146 0.105817
147 0.105257
148 0.105578
149 0.103881
150 0.102663
151 0.100984
152 0.100570
153 0.100793
154 0.100312
155 0.100283
156 0.099530
157 0.098190
158 0.097818
159 0.096396
160 0.095510
161 0.095715
162 0.096706
163 0.097836
164 0.099708
165 0.101522
166 0.101294
167 0.102346
168 0.103835
169 0.104917
170 0.107146
171 0.106726
172 0.108126
173 0.110459
174 0.114845
175 0.115210
176 0.116090
177 0.116871
178 0.114141
179 0.114168
180 0.112697
181 0.113659
182 0.112625
183 0.110132
184 0.108045
185 0.108597
186 0.110552
187 0.112779
188 0.113611
189 0.111251
190 0.111538
191 0.113202
192 0.114399
193 0.112675
194 0.110511
195 0.110690
196 0.109952
197 0.108709
198 0.107548
199 0.106353
200 0.106680
201 0.105498
202 0.104225
203 0.103443
204 0.100936
205 0.100061
206 0.097636
207 0.096217
208 0.095293
209 0.093374
210 0.091076
211 0.090375
212 0.089734
213 0.090707
214 0.090967
215 0.090629
216 0.090088
217 0.089206
218 0.089052
219 0.089130
220 0.088987
221 0.088436
222 0.087238
223 0.087205
224 0.085888
225 0.085144
226 0.084750
227 0.083957
228 0.083413
229 0.083417
230 0.083187
231 0.082178
232 0.082011
233 0.080937
234 0.080629
235 0.080297
236 0.080660
237 0.080803
238 0.082336
239 0.083263
240 0.082627
241 0.082379
242 0.082936
243 0.082675
244 0.082072
245 0.081742
246 0.081356
247 0.080615
248 0.080456
249 0.082688
250 0.081439
251 0.080959
252 0.080866
253 0.080375
254 0.080069
255 0.079848
256 0.079389
257 0.078662
258 0.078583
259 0.077341
260 0.077686
261 0.077503
262 0.076629
263 0.076350
264 0.076618
265 0.079373
266 0.080512
267 0.086451
268 0.088545
269 0.090149
270 0.090561
271 0.090292
272 0.091307
273 0.090487
274 0.089070
275 0.088723
276 0.088408
277 0.088751
278 0.088787
279 0.088648
280 0.088415
281 0.088277
282 0.089681
283 0.091089
284 0.092224
285 0.091569
286 0.090250
287 0.090835
288 0.091778
289 0.093544
290 0.095078
291 0.095135
292 0.095731
293 0.096558
294 0.098521
295 0.099959
296 0.100124
297 0.100460
298 0.100027
299 0.100614
300 0.098970
301 0.100439
302 0.099915
303 0.099132
304 0.098425
305 0.097288
306 0.096410
307 0.094566
308 0.092684
309 0.092215
310 0.091374
311 0.090324
312 0.089595
313 0.088118
314 0.087269
315 0.086872
316 0.085285
317 0.084122
318 0.082673
319 0.081734
320 0.081072
321 0.080518
322 0.080228
323 0.079335
324 0.079184
325 0.079003
326 0.077736
327 0.076983
328 0.076334
329 0.075541
330 0.074757
331 0.075507
332 0.076838
333 0.076179
334 0.077047
335 0.081589
336 0.084858
337 0.086670
338 0.085966
339 0.085850
340 0.088599
341 0.088904
342 0.090463
343 0.089053
344 0.091181
345 0.092098
346 0.089815
347 0.092659
348 0.092382
349 0.092752
350 0.092264
351 0.091495
352 0.090202
353 0.091642
354 0.090978
355 0.089729
356 0.091279
357 0.092105
358 0.094285
359 0.092403
360 0.090522
361 0.089982
362 0.088864
363 0.088364
364 0.087011
365 0.086478
366 0.085755
367 0.084868
368 0.084405
369 0.084523
370 0.083718
371 0.081978
372 0.081013
373 0.079826
374 0.078160
375 0.076413
376 0.075421
377 0.074409
378 0.073629
379 0.072987
380 0.072204
381 0.071812
382 0.071400
383 0.070157
384 0.069910
385 0.069249
386 0.068647
387 0.067766
388 0.067528
389 0.067277
390 0.067765
391 0.067688
392 0.066172
393 0.066867
394 0.065550
395 0.065340
396 0.064749
397 0.064147
398 0.064471
399 0.064361
400 0.064346
401 0.064909
402 0.064407
403 0.064129
404 0.063702
405 0.063873
406 0.067082
407 0.068945
408 0.070522
409 0.072824
410 0.072660
411 0.072050
412 0.075650
413 0.076194
414 0.077657
415 0.078606
416 0.077390
417 0.078603
418 0.080779
419 0.079695
420 0.080428
421 0.079854
422 0.079545
423 0.080597
424 0.079735
425 0.079388
426 0.081274
427 0.081553
428 0.080635
429 0.078660
430 0.077229
431 0.076304
432 0.075594
433 0.074446
434 0.073888
435 0.073124
436 0.071298
437 0.069211
438 0.068878
439 0.067698
440 0.066503
441 0.065827
442 0.065240
443 0.064407
444 0.063782
445 0.063224
446 0.063214
447 0.062890
448 0.062285
449 0.061621
450 0.061987
451 0.061774
452 0.061743
453 0.061002
454 0.060673
455 0.060237
456 0.059784
457 0.058927
458 0.059765
459 0.060615
460 0.060302
461 0.060211
462 0.060065
463 0.059068
464 0.058967
465 0.058756
466 0.057905
467 0.058049
468 0.057861
469 0.058485
470 0.058845
471 0.057434
472 0.057939
473 0.058333
474 0.058129
475 0.057805
476 0.057395
477 0.056762
478 0.056793
479 0.056865
480 0.056990
481 0.055903
482 0.055801
483 0.055199
484 0.054570
485 0.054276
486 0.053959
487 0.053544
488 0.053510
489 0.053990
490 0.054687
491 0.054242
492 0.054330
493 0.054487
494 0.053979
495 0.053822
496 0.053707
497 0.053383
498 0.053353
499 0.053141
500 0.053009
501 0.052723
502 0.053681
503 0.053321
504 0.052961
505 0.053324
506 0.051967
507 0.052380
508 0.051989
509 0.053168
510 0.052925
511 0.052565
512 0.051849
513 0.051935
514 0.051425
515 0.050770
516 0.050900
517 0.050430
518 0.050847
519 0.050288
520 0.049769
521 0.049462
522 0.049297
523 0.051036
524 0.052123
525 0.055093
526 0.055846
527 0.055558
528 0.055093
529 0.055306
530 0.054416
531 0.053038
532 0.053420
533 0.052532
534 0.051851
535 0.051228
536 0.051248
537 0.051918
538 0.052699
539 0.051792
540 0.050709
541 0.049941
542 0.048665
543 0.049198
544 0.049424
545 0.049332
546 0.049450
547 0.049750
548 0.051397
549 0.052417
550 0.053250
551 0.053068
552 0.053603
553 0.053344
554 0.052700
555 0.052652
556 0.052174
557 0.051221
558 0.051192
559 0.050988
560 0.050610
561 0.050816
562 0.050825
563 0.050243
564 0.049725
565 0.048946
566 0.049345
567 0.050010
568 0.049411
569 0.049117
570 0.048572
571 0.048634
572 0.049393
573 0.050874
574 0.051183
575 0.051327
576 0.052751
577 0.053712
578 0.053432
579 0.054735
580 0.057584
581 0.058014
582 0.060393
583 0.060710
584 0.059960
585 0.060073
586 0.060234
587 0.060599
588 0.061825
589 0.061484
590 0.063134
591 0.064894
592 0.066262
593 0.066198
594 0.065834
595 0.065837
596 0.066486
597 0.066387
598 0.066046
599 0.068359
600 0.068755
601 0.066953
602 0.067750
603 0.067972
604 0.067220
605 0.067535
606 0.068012
607 0.066614
608 0.066818
609 0.065958
610 0.066435
611 0.066039
612 0.066478
613 0.065436
614 0.064125
615 0.062576
616 0.061753
617 0.061445
618 0.060715
619 0.060409
620 0.059353
621 0.058565
622 0.057964
623 0.057090
624 0.055200
625 0.054286
626 0.053673
627 0.054324
628 0.053879
629 0.053199
630 0.052268
631 0.053987
632 0.055195
633 0.055779
634 0.056387
635 0.056428
636 0.056232
637 0.056235
638 0.055675
639 0.055054
640 0.054892
641 0.053917
642 0.053123
643 0.052221
644 0.051759
645 0.050974
646 0.051200
647 0.050764
648 0.050084
649 0.048816
650 0.047543
651 0.047268
652 0.046478
653 0.045852
654 0.045748
655 0.045538
656 0.043890
657 0.044198
658 0.043732
659 0.043680
660 0.043423
661 0.042587
662 0.042282
663 0.042948
664 0.043059
665 0.042466
666 0.041497
667 0.040884
668 0.040922
669 0.040390
670 0.040909
671 0.040434
672 0.041016
673 0.041972
674 0.042080
675 0.041757
676 0.041633
677 0.041829
678 0.041692
679 0.041948
680 0.041677
681 0.043643
682 0.043321
683 0.042524
684 0.042215
685 0.042123
686 0.041354
687 0.041596
688 0.042029
689 0.042004
690 0.041289
691 0.041012
692 0.040972
693 0.040615
694 0.040375
695 0.040373
696 0.039627
697 0.039398
698 0.039110
699 0.038562
700 0.037881
701 0.038428
702 0.038724
703 0.039057
704 0.038361
705 0.038870
706 0.038648
707 0.038079
708 0.038054
709 0.038313
710 0.037985
711 0.037906
712 0.036985
713 0.037050
714 0.036697
715 0.036465
716 0.036184
717 0.036387
718 0.036630
719 0.037918
720 0.038095
721 0.037876
722 0.037961
723 0.038096
724 0.038188
725 0.037844
726 0.037433
727 0.037320
728 0.037224
729 0.036445
730 0.036566
731 0.035970
732 0.035803
733 0.035344
734 0.034439
735 0.035720
736 0.037918
737 0.038342
738 0.039754
739 0.042187
740 0.043257
741 0.044204
742 0.045537
743 0.047139
744 0.048154
745 0.051458
746 0.052366
747 0.053691
748 0.053838
749 0.054506
750 0.053910
751 0.053703
752 0.052938
753 0.053450
754 0.053984
755 0.053239
756 0.054078
757 0.052100
758 0.051199
759 0.053686
760 0.053636
761 0.052298
762 0.053023
763 0.052993
764 0.053783
765 0.052273
766 0.052836
767 0.054772
768 0.056737
769 0.055669
770 0.057600
771 0.057143
772 0.056255
773 0.055333
774 0.054388
775 0.054136
776 0.054190
777 0.051535
778 0.051648
779 0.050866
780 0.050708
781 0.049979
782 0.051965
783 0.050851
784 0.051998
785 0.050845
786 0.051049
787 0.050560
788 0.050542
789 0.049308
790 0.049832
791 0.050415
792 0.048984
793 0.049266
794 0.049095
795 0.049036
796 0.048153
797 0.046700
798 0.046076
799 0.045718
800 0.045356
801 0.044561
802 0.043615
803 0.042669
804 0.041827
805 0.040963
806 0.039463
807 0.038613
808 0.038498
809 0.037815
810 0.037538
811 0.037872
812 0.037296
813 0.036474
814 0.036413
815 0.036100
816 0.035502
817 0.035582
818 0.035378
819 0.034524
820 0.034553
821 0.033713
822 0.033440
823 0.033511
824 0.033004
825 0.033343
826 0.033005
827 0.032992
828 0.032532
829 0.031300
830 0.031173
831 0.030724
832 0.031548
833 0.031378
834 0.031410
835 0.031312
836 0.031127
837 0.031344
838 0.031284
839 0.031432
840 0.031246
841 0.030764
842 0.030295
843 0.030139
844 0.029255
845 0.029611
846 0.029582
847 0.029168
848 0.029476
849 0.028834
850 0.028843
851 0.028678
852 0.028014
853 0.027796
854 0.028099
855 0.027573
856 0.026414
857 0.026396
858 0.025922
859 0.026030
860 0.026592
861 0.026890
862 0.026624
863 0.026866
864 0.025786
865 0.026368
866 0.027296
867 0.028158
868 0.027652
869 0.027770
870 0.027717
871 0.027978
872 0.027605
873 0.027918
874 0.027260
875 0.026913
876 0.026720
877 0.026230
878 0.025874
879 0.025583
880 0.025981
881 0.026336
882 0.026212
883 0.025710
884 0.026148
885 0.027279
886 0.027426
887 0.027581
888 0.026896
889 0.026990
890 0.027042
891 0.027046
892 0.026907
893 0.029935
894 0.030202
895 0.032133
896 0.033449
897 0.034797
898 0.035431
899 0.035778
900 0.037935
